| size | bubble | selection | insertion | merge | quick | shell | count | 
|------|--------|-----------|-----------|-------|-------|-------|-------| 
| 50 | 0.01 | 0.00 | 0.00 | 0.02 | 0.07 | 0.00 | 0.00 |
| 150 | 0.04 | 0.02 | 0.01 | 0.03 | 0.01 | 0.01 | 0.00 |
| 250 | 0.11 | 0.08 | 0.10 | 0.03 | 0.01 | 0.01 | 0.00 |
| 350 | 0.25 | 0.13 | 0.08 | 0.06 | 0.02 | 0.02 | 0.00 |
| 450 | 0.78 | 0.22 | 0.16 | 0.10 | 0.03 | 0.04 | 0.00 |
| 550 | 1.10 | 0.33 | 0.17 | 0.08 | 0.04 | 0.04 | 0.00 |
| 650 | 0.72 | 0.46 | 0.24 | 0.10 | 0.04 | 0.06 | 0.00 |
| 750 | 0.96 | 0.61 | 0.32 | 0.11 | 0.05 | 0.07 | 0.01 |
| 850 | 1.39 | 0.95 | 0.41 | 0.14 | 0.06 | 0.09 | 0.00 |
| 950 | 2.23 | 1.09 | 0.51 | 0.15 | 0.07 | 0.22 | 0.01 |
| 1050 | 2.17 | 1.17 | 0.59 | 0.17 | 0.07 | 0.11 | 0.00 |
| 1550 | 4.09 | 2.54 | 1.31 | 0.25 | 0.11 | 0.18 | 0.00 |
| 2050 | 6.78 | 4.50 | 2.34 | 0.33 | 0.15 | 0.30 | 0.01 |
| 2550 | 10.42 | 6.96 | 3.78 | 0.43 | 0.18 | 0.28 | 0.01 |
| 3050 | 14.80 | 9.80 | 5.29 | 0.50 | 0.22 | 0.34 | 0.01 |
| 3550 | 21.45 | 13.27 | 7.40 | 0.60 | 0.26 | 0.43 | 0.01 |
| 4050 | 26.51 | 18.16 | 9.04 | 0.70 | 0.30 | 0.46 | 0.02 |
| 4550 | 33.90 | 23.48 | 11.55 | 0.94 | 0.34 | 0.53 | 0.02 |
| 5050 | 42.78 | 29.62 | 14.39 | 0.87 | 0.38 | 0.62 | 0.02 |
| 5550 | 49.02 | 37.11 | 18.99 | 1.01 | 0.44 | 0.85 | 0.03 |
| 6050 | 60.20 | 41.18 | 20.80 | 1.16 | 0.45 | 0.75 | 0.03 |
| 6550 | 72.59 | 45.85 | 27.78 | 1.69 | 0.49 | 0.79 | 0.02 |
| 7050 | 79.19 | 57.83 | 30.35 | 1.19 | 0.53 | 0.85 | 0.03 |
| 7550 | 98.82 | 65.94 | 34.44 | 1.31 | 0.60 | 0.95 | 0.03 |
| 8050 | 103.92 | 72.03 | 38.12 | 1.62 | 0.63 | 0.99 | 0.04 |
| 8550 | 125.58 | 79.84 | 44.40 | 1.47 | 0.65 | 1.07 | 0.03 |
| 9050 | 131.38 | 89.82 | 50.07 | 2.28 | 0.71 | 2.10 | 0.03 |
| 9550 | 149.58 | 99.09 | 53.17 | 1.66 | 0.79 | 1.21 | 0.04 |
| 10050 | 167.23 | 112.98 | 59.77 | 1.74 | 0.78 | 1.86 | 0.05 |
| 11050 | 203.41 | 137.25 | 73.23 | 1.89 | 0.85 | 1.47 | 0.04 |
| 12050 | 238.17 | 173.95 | 83.54 | 2.04 | 0.92 | 1.58 | 0.05 |
| 13050 | 276.84 | 182.41 | 96.74 | 2.21 | 1.00 | 1.64 | 0.05 |
| 14050 | 332.21 | 277.90 | 110.45 | 2.47 | 1.08 | 1.82 | 0.05 |
| 15050 | 365.77 | 241.01 | 127.84 | 2.98 | 1.16 | 2.01 | 0.07 |
| 16050 | 405.10 | 281.87 | 148.47 | 2.78 | 1.24 | 2.13 | 0.06 |
| 17050 | 469.86 | 310.15 | 165.37 | 3.01 | 1.32 | 2.34 | 0.07 |
| 18050 | 526.84 | 353.19 | 183.29 | 3.23 | 1.39 | 2.48 | 0.07 |
| 19050 | 590.53 | 408.45 | 215.12 | 3.53 | 1.45 | 2.59 | 0.07 |
| 20050 | 647.26 | 426.44 | 226.02 | 3.80 | 1.57 | 2.73 | 0.08 |
| 25050 | 992.50 | 676.31 | 357.30 | 4.34 | 1.96 | 3.50 | 0.10 |
| 30050 | --- | 971.01 | 517.72 | 5.48 | 2.45 | 4.16 | 0.12 |
| 35050 | --- | --- | 702.68 | 6.75 | 3.10 | 5.27 | 0.14 |
| 40050 | --- | --- | 919.29 | 7.13 | 3.19 | 5.89 | 0.16 |
| 45050 | --- | --- | --- | 8.15 | 3.79 | 6.30 | 0.18 |
| 50050 | --- | --- | --- | 8.95 | 4.12 | 7.61 | 0.20 |
| 55050 | --- | --- | --- | 11.13 | 4.49 | 8.99 | 0.22 |
| 60050 | --- | --- | --- | 10.72 | 6.79 | 9.18 | 0.33 |
| 65050 | --- | --- | --- | 12.34 | 5.28 | 9.91 | 0.26 |
| 70050 | --- | --- | --- | 13.83 | 5.75 | 12.32 | 0.28 |
| 75050 | --- | --- | --- | 13.15 | 6.08 | 11.43 | 0.30 |
| 80050 | --- | --- | --- | 14.53 | 6.55 | 12.57 | 0.33 |
| 85050 | --- | --- | --- | 15.30 | 6.88 | 13.23 | 0.34 |
| 90050 | --- | --- | --- | 16.22 | 7.33 | 13.25 | 0.37 |
| 95050 | --- | --- | --- | 18.02 | 7.83 | 14.41 | 0.38 |
| 100050 | --- | --- | --- | 18.59 | 8.10 | 15.03 | 0.40 |
| 110050 | --- | --- | --- | 20.84 | 9.13 | 17.72 | 0.45 |
| 120050 | --- | --- | --- | 22.00 | 10.08 | 18.06 | 0.49 |
| 130050 | --- | --- | --- | 23.78 | 10.77 | 25.42 | 0.53 |
| 140050 | --- | --- | --- | 25.68 | 11.62 | 22.38 | 0.57 |
| 150050 | --- | --- | --- | 27.21 | 12.63 | 24.27 | 0.61 |
| 160050 | --- | --- | --- | 29.28 | 13.15 | 25.68 | 0.65 |
| 170050 | --- | --- | --- | 30.97 | 14.39 | 28.95 | 0.70 |
| 180050 | --- | --- | --- | 33.22 | 15.04 | 27.55 | 0.73 |
| 190050 | --- | --- | --- | 35.12 | 16.37 | 31.93 | 0.78 |
