| size | bubble | selection | insertion | merge | quick | shell | count | 
|------|--------|-----------|-----------|-------|-------|-------|-------| 
| 100 | 0.02 | 0.01 | 0.00 | 0.02 | 0.01 | 0.00 | 0.00 |
| 200 | 0.07 | 0.04 | 0.02 | 0.03 | 0.01 | 0.01 | 0.00 |
| 300 | 0.15 | 0.10 | 0.05 | 0.05 | 0.02 | 0.02 | 0.00 |
| 400 | 0.28 | 0.20 | 0.10 | 0.07 | 0.03 | 0.04 | 0.00 |
| 500 | 0.48 | 0.45 | 0.25 | 0.14 | 0.04 | 0.05 | 0.00 |
| 600 | 1.00 | 0.70 | 0.35 | 0.13 | 0.05 | 0.05 | 0.00 |
| 700 | 0.78 | 0.65 | 0.27 | 0.12 | 0.05 | 0.06 | 0.00 |
| 800 | 1.01 | 0.76 | 0.37 | 0.14 | 0.05 | 0.07 | 0.00 |
| 900 | 1.35 | 0.92 | 0.45 | 0.16 | 0.06 | 0.08 | 0.00 |
